ACTIVE_PART_STACK__BORDER_COLOR=0.0, 0.0, 0.6156863, 0|0.0, 0.0, 0.615686, 100
ACTIVE_PART_STACK__BORDER_SHOW=true
ACTIVE_PART_STACK__CHEVRON_COLOR=0.0, 0.0, 0.0
ACTIVE_PART_STACK__CLOSE_BUTTON_HOVER_COLOR=0.0, 0.87782806, 0.8666667
ACTIVE_PART_STACK__HEADER_BACKGROUND_COLOR=210.0, 0.2173913, 0.9019608, 0|210.0, 0.2173913, 0.9019608, 100
ACTIVE_PART_STACK__SELECTED_BORDER_COLOR=0.0, 0.0, 0.6156863, 0|0.0, 0.0, 0.615686, 100
ACTIVE_PART_STACK__SELECTED_BORDER_SHOW=true
ACTIVE_PART_STACK__SELECTED_FILL_COLOR=0.0, 0.0, 1.0, 0|0.0, 0.0, 1.0, 100
ACTIVE_PART_STACK__UNSELECTED_TEXT_SHADOW_POSITION=0, 0
EMPTY_PART_STACK__FILL_COLOR=0.0, 0.0, 1.0, 0|0.0, 0.0, 1.0, 100
INACTIVE_PART_STACK__BORDER_COLOR=223.63637, 0.0, 1.0, 0|223.63637, 0.0, 1.0, 100
INACTIVE_PART_STACK__CHEVRON_COLOR=0.0, 0.0, 0.0
INACTIVE_PART_STACK__CLOSE_BUTTON_ACTIVE_COLOR=0.0, 0.87765956, 0.86702126
INACTIVE_PART_STACK__CLOSE_BUTTON_COLOR=0.0, 0.0, 0.8031915
INACTIVE_PART_STACK__CLOSE_BUTTON_HOVER_COLOR=0.0, 0.87782806, 0.8666667
INACTIVE_PART_STACK__HEADER_BACKGROUND_COLOR=210.0, 0.0, 1.0, 0|210.0, 0.0, 1.0, 100
INACTIVE_PART_STACK__HOVER_BORDER_COLOR=24.532019, 0.0, 0.6117021, 0|24.532019, 0.0, 0.611702, 100
INACTIVE_PART_STACK__HOVER_FILL_COLOR=0.0, 0.0, 0.9574468, 0|0.0, 0.0, 0.92021275, 100
INACTIVE_PART_STACK__SELECTED_BORDER_COLOR=223.63637, 0.10784313, 0.8, 0|223.63637, 0.107843, 0.8, 100
INACTIVE_PART_STACK__SELECTED_FILL_COLOR=230.0, 0.0, 0.89361703, 0|0.0, 0.0, 1.0, 100
INACTIVE_PART_STACK__UNSELECTED_BORDER_COLOR=24.532019, 0.0, 0.6117021, 0|24.532019, 0.0, 0.611702, 100
INACTIVE_PART_STACK__UNSELECTED_TEXT_SHADOW_POSITION=0, 0
LAYOUT__BORDER_RADIUS=5
LAYOUT__CLOSE_BUTTON_VERTICAL_ALIGNMENT=
LAYOUT__CONTENT_PADDING=2
LAYOUT__SHADOW_COLOR=210.0, 0.2173913, 0.9019608
LAYOUT__SHOW_SHADOW=
LAYOUT__TAB_HEIGHT=39
LAYOUT__TAB_ITEM_PADDING=5
LAYOUT__TAB_ITEM_SPACING=7
LAYOUT__TAB_SPACING=-1
MEMENTO__LAST_CHOOSED_PRESET=
TEXT_EDITOR__UNDER_LINE_STYLE=
WINDOW__BACKGROUND_COLOR=225.71428, 0.08536585, 0.9647059
WINDOW__PERSPECTIVE_SWITCHER_FILL_COLOR=210.0, 0.2173913, 0.9019608, 0|210.0, 0.2173913, 0.9019608, 100
WINDOW__PERSPECTIVE_SWITCHER_KEY_LINE_COLOR=225.0, 0.10471203, 0.7490196
WINDOW__PERSPECTIVE_SWITCHER_TEXT_COLOR=0.0, 0.0, 0.0
WINDOW__STATUS_BAR_FILL_COLOR=225.71428, 0.08536585, 0.9647059, 0|225.71428, 0.08536585, 0.9647059, 100
WINDOW__STATUS_BAR_TEXT_COLOR=210.0, 1.0, 0.8
WINDOW__TOOLBAR_FILL_COLOR=210.0, 0.2173913, 0.9019608, 0|210.0, 0.2173913, 0.9019608, 100
eclipse.preferences.version=1
